0 84 19 50 92 53 22 17 42 14 23 38 63 28 52 89 93 91 34 27
0 5 49 58 17 73 8 75 44 16 71 11 72 41 43 36 98 15 25 40
0 14 77 22 33 46 53 85 55 23 94 92 26 88 35 72 67 49 7 48
0 70 74 59 40 43 57 38 63 22 62 8 14 51 99 45 23 25 12 39
0 39 65 25 36 4 45 89 79 57 94 62 90 69 5 99 67 85 10 22
0 67 19 49 96 69 64 46 24 61 4 93 80 58 27 88 13 52 63 2
0 60 64 74 12 66 79 40 89 30 10 80 35 53 61 26 25 3 54 95
0 64 51 92 18 90 80 74 49 26 56 33 14 5 52 81 78 3 10 66
0 52 6 63 17 82 12 56 40 30 89 88 86 62 8 47 91 3 87 16
0 47 43 64 1 5 94 61 11 30 51 81 42 58 46 72 73 54 12 7
0 61 62 11 47 86 14 26 18 21 88 50 28 93 41 25 38 97 22 83
0 38 85 47 71 42 68 70 23 93 49 86 87 39 76 21 89 40 95 34
0 22 29 27 54 75 24 70 38 65 84 1 51 40 95 37 42 66 60 69
0 36 18 37 22 17 90 35 29 42 62 4 73 80 61 12 94 26 56 21
0 65 72 51 33 73 34 5 37 32 15 96 13 67 53 50 43 40 99 21
0 41 88 28 16 77 80 32 22 12 11 19 71 92 52 65 45 58 97 43
0 69 15 84 9 64 2 36 37 43 88 57 82 97 42 21 96 5 65 76
0 39 74 61 80 38 64 4 70 16 26 95 41 53 97 21 63 67 52 31
0 23 82 28 7 42 40 38 70 69 9 85 22 66 88 2 59 18 86 56
0 42 34 35 61 86 91 71 89 79 33 93 43 25 39 50 11 85 7 59
0 71 27 60 79 61 35 53 88 44 6 15 3 17 97 95 9 43 21 54
0 73 95 28 66 17 58 35 33 42 77 8 82 69 13 1 91 6 23 16
0 7 80 65 69 46 77 48 92 97 36 71 18 96 66 5 54 10 21 78
0 50 56 96 47 68 98 74 90 99 53 37 49 94 1 41 32 93 88 44
0 13 8 58 10 30 85 16 88 79 38 50 83 44 41 82 73 23 34 66
0 58 30 59 74 16 86 47 92 54 96 61 72 31 65 42 8 62 85 1
0 69 14 55 79 92 87 53 20 11 99 70 60 54 78 61 81 52 42 7
0 94 13 15 88 99 80 36 6 3 5 32 73 42 28 56 29 52 17 35
0 54 34 74 82 65 63 38 59 80 16 96 99 61 42 25 44 98 31 81
0 18 64 72 38 22 84 66 35 21 76 75 29 63 78 33 62 20 99 3
0 83 73 74 68 22 77 17 28 34 49 93 50 95 41 31 36 99 13 86
0 24 31 4 72 20 34 54 37 30 2 48 83 33 69 29 32 97 26 19
0 71 65 16 38 44 72 80 49 5 93 69 55 13 77 90 50 21 88 54
0 53 59 94 31 71 64 2 55 84 13 25 44 93 70 67 37 85 35 69
0 50 7 91 37 6 99 52 81 74 76 32 8 17 40 94 22 24 64 87
0 83 5 92 70 62 39 52 91 84 47 72 26 74 99 75 54 18 32 40
0 83 10 73 48 23 32 69 56 98 90 11 12 39 77 17 24 25 5 8
0 57 22 89 91 98 9 40 79 48 94 61 41 69 54 18 52 88 38 87
0 13 14 97 51 40 6 87 8 80 34 38 88 12 77 89 62 47 25 10
0 65 34 30 94 43 14 45 15 54 26 89 50 23 9 31 63 52 92 42
0 44 35 66 19 31 75 46 41 78 15 58 60 61 39 37 49 48 64 95
0 91 89 63 82 20 50 6 49 4 13 24 18 79 7 97 21 70 65 74
0 11 70 14 17 37 65 20 52 46 63 97 54 34 30 19 64 92 49 55
0 27 34 30 53 71 95 9 77 69 63 11 64 75 76 78 21 49 70 4
0 32 63 68 65 55 39 93 11 36 80 22 48 81 90 84 12 30 60 56
0 7 24 99 64 72 2 48 19 18 35 4 66 16 74 59 88 42 40 27
0 37 25 5 48 23 51 21 86 90 94 27 10 65 28 32 16 95 18 59
0 71 17 16 74 39 73 10 87 67 31 47 44 34 56 20 62 99 41 29
0 64 49 55 22 50 54 35 97 12 11 23 15 90 52 8 47 16 14 63
0 81 79 26 42 29 19 99 46 37 28 95 10 73 43 22 97 82 89 71
0 91 65 12 37 66 42 9 41 92 82 70 71 72 64 97 31 11 87 96
0 85 20 62 63 57 96 24 3 45 29 35 23 73 61 5 90 47 41 68
0 96 23 98 83 60 92 84 76 78 1 33 93 15 4 2 35 56 57 46
0 61 5 87 45 74 63 66 99 86 42 89 67 18 30 57 41 90 39 24
0 64 39 22 47 84 40 85 31 51 72 6 37 67 7 49 74 57 83 87
0 48 38 12 9 26 28 60 44 37 29 72 11 18 79 92 86 49 36 1
0 30 29 79 48 92 55 80 25 43 2 10 49 64 73 13 74 41 83 8
0 84 68 63 24 97 37 65 11 26 7 48 20 72 92 75 28 66 82 13
0 6 69 48 21 53 89 64 90 56 91 88 70 2 23 94 9 97 39 25
0 64 29 43 50 68 26 8 49 53 32 13 48 79 24 20 66 80 69 27
0 76 22 16 81 39 26 13 73 28 30 25 55 43 80 42 5 78 69 66
0 11 18 93 47 87 44 94 69 61 80 79 15 84 25 90 26 53 21 39
0 26 58 4 34 88 59 97 7 54 9 44 75 63 98 27 55 38 30 10
0 91 86 90 80 5 84 11 58 30 61 73 8 6 85 89 98 62 23 76
0 10 79 80 60 37 59 95 47 57 18 3 74 27 75 41 53 6 43 1
0 47 59 89 68 13 3 5 93 37 36 53 9 76 27 14 20 23 15 35
0 95 39 63 71 70 60 78 93 65 72 35 77 7 40 22 1 3 79 12
0 55 84 17 15 33 3 85 44 67 12 27 8 11 92 83 61 4 87 7
0 50 90 26 29 38 15 1 83 32 96 77 44 98 53 49 46 22 11 34
0 22 90 42 58 87 61 28 9 74 99 79 77 59 86 88 7 43 16 71
0 93 48 50 71 72 41 14 6 70 95 15 22 21 33 64 34 47 97 36
0 46 82 31 74 87 23 29 53 90 2 37 79 89 44 32 64 68 62 4
0 76 66 30 78 89 43 16 31 3 20 57 55 71 24 45 15 59 42 28
0 34 12 87 80 37 21 99 10 61 46 50 54 59 92 32 70 29 16 6
0 71 32 68 38 47 64 16 65 69 81 86 87 91 15 55 17 85 14 53
0 58 99 93 67 12 45 91 40 19 53 78 77 54 43 34 20 17 64 48
0 24 17 60 9 27 96 59 42 52 39 40 10 53 31 48 86 1 93 54
0 53 20 59 67 98 95 6 9 41 44 26 85 16 3 35 84 78 75 33
0 64 74 2 39 11 55 71 65 70 54 7 78 73 95 1 42 99 50 89
0 17 59 68 37 6 89 74 56 35 66 55 53 10 84 51 82 49 8 24
0 32 35 63 82 11 1 69 29 90 65 36 61 78 39 59 54 60 30 62
0 87 14 69 11 12 57 17 51 35 93 38 80 36 82 33 94 21 58 22
0 78 66 32 3 95 2 68 45 10 29 12 18 8 41 15 92 26 6 24
0 8 63 27 35 93 56 19 53 45 57 41 30 2 12 29 14 25 62 66
0 76 72 36 77 6 15 67 18 1 10 24 94 81 95 61 5 68 41 25
0 52 98 81 38 63 85 18 71 62 44 17 26 56 99 94 61 57 77 23
0 88 1 93 48 35 58 46 92 80 99 85 50 55 42 19 43 81 40 57
0 19 21 35 97 72 62 14 75 98 34 80 99 61 68 74 66 38 12 46
0 23 28 18 42 39 16 52 86 55 34 61 69 66 31 1 49 2 88 54
0 45 68 48 83 1 61 38 34 3 52 36 20 33 95 73 57 19 63 35
0 10 29 96 90 28 21 77 16 3 99 75 91 15 53 86 70 73 85 97
0 11 57 44 19 91 85 39 80 43 96 27 81 72 54 1 50 88 63 6
0 63 30 4 3 78 45 5 38 67 85 25 84 10 32 19 27 23 1 56
0 19 49 5 13 4 30 95 87 83 22 58 17 12 8 15 34 32 69 63
0 82 13 39 74 90 77 15 78 54 75 73 61 99 69 8 34 56 94 86
0 87 88 17 9 32 30 52 15 76 44 78 41 65 31 23 37 63 45 85
0 72 52 51 3 8 92 63 65 33 27 29 81 15 22 14 69 78 95 32
0 46 57 63 50 95 41 40 21 11 92 83 82 64 68 35 19 29 15 85
0 18 27 46 23 64 78 43 96 57 19 70 13 24 50 95 37 71 63 32
0 33 92 53 5 15 99 49 84 40 6 36 59 77 95 68 27 50 67 96
0 62 18 86 8 50 61 51 58 17 42 77 49 36 25 45 31 94 76 28
0 24 51 39 59 95 14 7 30 84 73 66 20 90 78 97 32 76 82 28
0 52 49 14 84 71 42 80 22 34 44 15 54 11 77 94 3 33 74 39
0 9 77 59 2 86 63 88 32 51 41 28 24 64 65 93 96 80 34 26
0 3 85 76 56 93 24 64 2 22 34 96 43 55 70 33 86 89 20 13
0 42 12 57 59 13 28 63 72 52 44 95 64 69 26 45 36 8 99 91
0 4 54 34 31 38 39 60 1 68 33 8 56 65 76 69 61 45 80 13
0 68 94 26 56 5 77 45 99 39 86 16 79 8 1 54 98 90 46 22
0 21 24 29 33 25 41 78 77 86 91 2 31 85 1 63 7 22 81 5
0 80 87 68 94 98 42 62 46 39 5 36 70 3 31 52 54 12 24 79
0 57 6 55 39 54 51 75 15 71 66 17 31 33 70 68 1 93 20 25
0 13 60 54 9 70 44 7 31 98 59 27 92 17 16 26 55 99 79 30
0 19 21 14 9 16 71 72 52 37 26 42 88 53 98 92 47 79 15 93
0 70 52 92 43 12 1 16 84 83 28 96 64 37 75 23 47 61 71 56
0 44 56 75 10 97 66 58 73 23 33 39 18 16 3 13 4 7 78 12
0 45 1 66 75 72 23 87 85 88 70 81 67 2 71 33 25 86 47 78
0 96 59 36 76 17 92 5 13 38 6 51 8 72 86 26 80 14 93 18
0 33 49 37 72 85 96 63 75 40 4 5 36 66 17 58 95 82 19 79
0 45 2 78 96 50 5 58 57 38 79 39 1 95 76 93 59 66 63 83
0 9 37 24 20 21 72 87 70 32 69 59 82 4 60 19 75 56 91 81
0 38 36 60 77 93 88 23 11 43 94 67 51 4 29 61 54 86 82 32
0 11 39 22 46 91 6 18 12 40 80 90 5 73 14 25 42 65 68 66
0 35 19 79 10 66 33 77 30 43 87 16 12 69 25 45 62 31 37 51
0 31 74 56 54 57 84 2 65 82 33 12 98 20 94 14 80 83 99 23
0 83 71 20 17 53 43 75 73 72 84 14 36 77 42 28 37 88 13 99
0 73 20 65 43 56 59 38 64 13 48 96 18 79 15 72 81 10 92 98
0 11 8 13 54 2 46 15 90 95 58 42 49 36 52 39 62 41 61 65
0 53 38 59 7 2 72 44 86 40 69 9 42 41 39 11 6 89 78 57
0 29 23 47 69 80 84 93 33 63 68 94 39 21 95 57 88 28 4 44
0 15 81 79 30 83 93 31 11 45 39 75 99 88 48 37 22 61 13 62
0 95 96 77 88 5 99 94 55 56 37 90 38 11 29 60 71 92 19 47
0 13 11 42 88 93 1 6 7 17 57 65 22 68 35 78 19 60 83 9
0 79 99 7 69 26 81 80 85 15 83 84 38 65 13 97 75 2 46 9
0 18 53 1 30 17 76 5 51 3 86 70 44 8 41 35 82 11 13 64
0 95 34 69 70 76 99 16 9 20 39 35 12 88 40 66 90 94 56 32
0 80 93 96 42 19 31 40 47 14 60 55 69 26 28 90 29 25 3 39
0 28 25 63 91 10 95 47 39 75 98 71 83 73 43 17 94 15 36 62
0 74 86 65 66 54 17 3 98 68 76 84 33 21 80 37 32 92 24 5
0 64 83 84 47 52 79 72 77 45 61 1 10 41 42 13 81 28 9 5
0 2 90 61 42 97 23 82 7 29 49 67 39 21 50 76 83 22 33 4
0 75 37 60 73 78 6 57 65 33 23 52 7 5 34 92 64 77 87 61
0 72 8 53 88 95 20 32 43 39 41 15 6 45 4 52 9 27 73 7
0 37 84 46 81 57 16 88 28 41 44 77 1 24 66 45 9 94 7 89
0 48 44 79 81 65 69 80 23 37 13 36 50 26 30 98 29 86 91 88
0 61 11 93 95 35 63 19 13 85 89 33 27 79 29 1 83 49 99 28
0 14 31 45 40 27 39 99 67 90 36 86 33 5 44 24 58 84 49 29
0 90 34 99 11 96 92 40 15 94 89 67 30 51 6 97 72 80 42 61
0 19 43 21 85 87 68 13 35 2 86 90 92 81 95 45 27 64 28 50
0 91 48 3 82 38 8 64 1 79 70 86 45 51 43 95 49 37 65 13
0 32 7 81 60 52 39 72 88 47 6 35 67 58 20 74 75 16 95 41
0 99 6 37 47 18 26 25 51 19 8 45 72 64 44 92 17 21 77 75
0 10 57 71 96 51 12 2 82 73 78 20 90 15 84 32 54 77 36 25
0 5 98 2 55 11 22 72 45 86 23 4 64 97 58 10 51 88 85 26
0 25 67 48 94 80 57 8 34 75 13 12 51 22 45 7 64 28 58 31
0 54 76 92 85 87 6 70 49 88 50 16 64 45 41 55 90 93 78 12
0 89 29 96 23 32 22 68 42 57 49 71 90 92 38 24 94 65 2 53
0 97 94 21 8 49 7 71 33 51 84 57 41 24 38 81 73 46 20 37
0 91 96 90 76 54 30 83 58 75 9 52 21 17 85 1 57 60 31 6
0 95 69 48 21 35 71 33 46 80 51 75 92 85 27 78 93 12 68 10
0 70 97 83 65 53 42 9 66 3 24 86 61 37 30 17 51 64 69 85
0 78 81 15 26 94 99 82 6 73 17 75 86 88 18 66 71 9 59 8
0 37 12 94 87 91 97 18 35 27 49 53 83 20 74 9 76 70 59 23
0 24 76 12 80 8 61 36 72 96 64 38 47 84 43 19 15 28 77 49
0 6 91 39 7 22 48 36 45 88 76 11 57 63 24 69 33 93 61 81
0 58 80 49 81 13 20 85 46 14 67 56 52 29 57 24 16 25 97 96
0 54 72 35 27 37 9 49 64 44 87 22 30 33 99 23 17 88 36 39
0 83 36 40 35 92 46 6 73 14 42 87 81 78 37 9 77 82 62 8
0 19 18 35 97 64 3 92 71 20 50 69 31 6 76 42 30 43 73 83
0 85 74 71 31 91 18 84 77 50 15 24 81 4 94 23 16 53 34 32
0 19 73 23 27 72 76 36 96 67 90 62 59 97 60 98 31 20 75 21
0 84 91 57 73 90 59 99 24 2 72 1 10 39 48 5 34 47 53 26
0 34 73 37 55 72 22 4 65 60 45 79 21 18 76 59 39 31 26 89
0 31 14 73 26 65 78 43 42 62 81 22 53 35 79 39 56 38 63 50
0 17 1 36 90 38 66 77 79 12 50 33 43 44 47 70 16 73 28 95
0 84 20 85 90 36 9 97 12 27 83 74 58 41 94 50 52 54 4 24
0 64 95 66 27 85 94 65 37 82 71 12 48 79 7 96 61 52 68 73
0 3 23 42 95 79 35 14 22 53 90 76 93 51 47 19 43 21 60 70
0 61 48 33 10 73 6 11 45 77 17 94 14 50 82 69 97 23 19 74
0 3 32 28 29 66 50 78 87 70 40 72 64 62 96 41 54 25 92 82
0 5 98 61 19 25 93 58 41 49 37 62 54 24 17 21 23 11 92 82
0 67 84 88 70 82 9 1 19 29 65 45 87 60 64 36 69 47 35 94
0 79 24 5 95 96 70 74 22 41 63 39 77 92 23 89 68 7 2 58
0 44 57 54 14 73 26 81 1 15 25 87 10 98 66 20 47 27 48 68
0 37 36 50 7 13 2 24 63 83 78 57 4 42 10 41 5 56 47 72
0 76 3 68 25 33 39 32 14 47 1 64 86 7 69 73 88 95 4 66
0 31 87 27 60 13 88 80 6 29 86 19 30 48 4 78 97 59 44 8
0 78 17 26 47 92 39 83 9 62 52 91 45 56 72 54 31 67 94 22
0 1 33 91 57 8 53 39 42 48 94 31 95 47 27 70 52 11 13 32
0 92 31 57 10 52 90 22 17 64 2 89 53 55 97 82 69 88 5 21
0 53 52 73 64 89 60 42 24 94 6 58 1 80 5 44 77 56 74 96
0 6 70 73 35 23 41 79 94 27 91 47 95 76 39 57 54 33 21 85
0 67 58 87 93 51 7 12 29 97 16 69 13 78 81 82 92 83 79 11
0 75 95 22 99 64 93 61 1 78 19 88 34 21 87 26 72 58 3 77
0 20 33 16 24 22 26 74 14 11 56 73 40 28 89 64 35 71 53 82
0 48 2 91 88 56 94 31 50 39 76 10 75 52 64 16 61 6 81 62
0 66 35 41 88 57 51 70 10 2 13 3 96 38 8 33 5 99 78 53
0 15 99 28 98 13 6 36 64 32 53 1 83 34 22 69 43 41 39 88
0 49 7 33 56 3 19 14 53 29 9 12 68 86 26 31 47 60 72 50
0 11 38 22 73 95 80 30 46 98 87 69 2 74 67 24 16 65 17 78
0 70 48 64 60 77 20 9 14 85 18 34 25 54 97 89 24 26 67 52
0 65 29 47 51 9 21 31 55 41 13 44 53 66 22 2 97 68 18 28
0 80 46 8 55 1 16 23 73 32 22 77 50 85 15 91 68 61 66 74
0 18 94 46 77 86 89 5 40 63 72 76 74 20 95 9 85 10 39 33
0 3 7 95 47 1 16 71 97 59 31 6 20 84 70 91 18 53 54 78
0 69 41 74 16 15 44 79 42 43 76 35 55 93 48 8 90 18 17 46
0 57 52 4 81 44 84 95 49 74 75 34 91 6 25 66 48 16 85 88
0 29 85 96 66 47 21 90 89 82 6 95 67 52 54 14 39 34 78 36
0 1 90 6 83 33 36 40 70 91 39 99 16 51 22 45 32 30 69 81
0 63 34 75 55 65 79 17 3 14 33 37 83 35 81 78 51 24 16 59
0 24 62 87 46 85 32 83 99 50 97 93 42 8 82 45 12 22 73 21
0 79 19 43 12 77 10 44 35 76 63 50 65 18 58 52 6 5 81 80
0 58 6 88 59 60 53 14 72 7 39 13 11 65 27 48 44 64 12 74
0 67 96 28 33 61 59 88 95 17 90 55 85 19 52 91 1 87 70 13
0 80 92 91 24 77 9 20 4 66 25 30 78 90 67 44 55 34 76 52
0 55 79 12 20 48 85 89 99 61 76 45 57 37 65 78 44 52 64 23
0 57 66 80 64 13 86 75 51 83 15 25 65 43 90 68 74 39 23 99
0 9 17 16 18 19 41 1 88 94 31 36 14 73 58 47 11 6 3 5
0 36 3 53 59 18 87 72 50 81 1 98 45 68 28 90 35 5 30 61
0 16 96 66 65 42 3 26 52 44 75 6 29 41 24 31 57 15 85 40
0 75 98 26 72 52 64 37 10 89 58 4 56 25 12 68 46 95 92 88
0 48 65 66 49 77 80 63 14 37 41 73 24 1 98 74 46 25 29 93
0 95 82 49 23 51 55 45 71 70 60 87 85 20 92 62 64 48 43 37
0 56 70 13 30 53 80 20 55 29 71 12 63 94 72 81 2 57 23 6
0 7 39 14 69 29 66 50 16 75 35 86 15 82 31 97 24 33 99 49
0 37 39 79 89 54 74 34 65 98 6 28 15 49 88 3 45 76 63 7
0 42 23 48 73 26 77 17 62 99 8 89 3 80 38 21 27 4 43 44
0 48 28 75 55 79 71 38 29 85 19 36 92 54 15 69 26 35 44 90
0 39 8 51 98 38 78 46 81 33 14 71 74 70 22 88 60 63 4 83
0 1 2 60 18 70 16 19 47 20 8 79 92 22 31 42 13 23 49 50
0 40 88 61 30 6 59 32 78 19 71 84 63 97 85 22 47 10 95 23
0 44 97 14 66 55 64 2 99 48 36 30 96 43 11 63 6 59 69 10
0 49 96 89 33 95 85 8 38 57 75 88 63 41 35 3 69 73 67 6
0 70 24 93 90 23 86 15 63 65 39 37 82 29 42 74 64 6 3 94
0 68 63 55 45 61 92 19 62 49 6 48 51 94 30 70 54 57 83 91
0 8 94 5 2 95 60 75 48 42 79 90 58 93 29 59 30 12 97 82
0 65 18 84 98 43 17 76 51 48 1 14 37 79 45 21 2 97 15 91
0 9 20 65 80 52 72 38 5 75 93 24 78 3 48 23 50 56 41 86
0 25 66 89 78 74 29 73 1 51 44 5 22 17 86 67 26 72 9 31
0 54 57 15 55 88 78 83 67 93 36 94 24 5 76 9 51 97 70 39
0 57 8 71 51 66 93 75 4 78 98 1 12 5 95 3 26 94 42 91
0 39 73 77 6 36 9 44 42 30 41 54 10 65 87 35 86 27 58 4
0 2 63 35 38 96 6 21 45 72 70 16 42 9 99 1 65 58 67 46
0 27 35 99 38 18 69 50 80 14 98 10 95 34 46 16 64 70 43 20
0 36 6 75 66 99 68 86 49 62 25 57 60 17 39 5 92 37 19 53
0 92 43 53 93 69 19 46 80 68 85 91 79 18 10 26 81 45 9 54
0 89 82 88 49 90 26 66 72 63 34 8 5 4 57 14 37 51 93 44
0 19 4 14 40 82 59 35 5 28 81 73 11 39 44 42 68 80 49 2
0 77 14 40 60 75 37 92 83 2 82 89 48 91 61 33 41 84 74 13
0 55 58 35 79 78 74 49 34 40 18 57 60 72 80 69 94 84 3 39
0 89 96 6 47 11 21 65 50 91 37 23 2 25 19 33 87 95 74 79
0 65 58 21 84 4 2 50 73 87 6 55 41 63 62 66 76 30 75 92
0 49 44 71 11 43 29 31 79 40 78 77 46 28 26 73 13 98 74 60
0 3 80 4 65 83 94 76 27 15 53 50 56 91 98 81 16 54 92 8
0 5 51 97 60 90 15 86 92 65 7 30 73 88 8 96 21 16 58 50
0 67 39 6 23 59 11 44 54 66 76 17 89 74 78 68 91 72 8 5
0 56 41 65 5 60 42 8 54 20 53 66 13 27 83 70 24 6 84 19
0 95 92 6 51 11 19 30 48 41 75 96 28 62 3 39 40 10 59 99
0 88 21 81 78 77 23 20 80 87 52 30 11 1 97 7 74 13 55 54
0 10 71 58 22 48 37 89 21 31 7 82 65 61 49 33 83 9 68 85
0 4 10 56 36 24 76 62 93 85 81 60 53 11 41 19 74 80 14 78
0 29 42 28 97 34 22 63 37 33 81 51 17 44 8 55 45 52 73 74
0 16 88 45 84 36 31 75 39 77 2 90 79 14 99 40 30 92 82 44
0 31 56 57 66 46 77 59 43 81 38 40 91 27 69 76 26 29 13 37
0 5 68 86 56 85 8 44 65 51 73 11 75 58 18 94 76 20 52 7
0 81 62 29 60 59 16 82 32 79 43 61 85 28 48 72 55 37 45 24
0 56 31 74 69 9 14 54 80 85 36 76 49 89 46 26 25 86 62 8
0 3 78 52 58 34 98 95 17 53 89 1 25 36 88 76 19 4 84 62
0 76 84 19 61 26 35 1 63 91 98 36 86 85 29 82 23 56 67 25
0 58 52 67 77 65 40 81 2 13 56 39 45 48 72 21 35 94 89 10
0 33 84 55 86 99 25 17 59 61 83 16 24 12 56 54 37 6 71 91
0 79 60 87 88 51 99 46 80 90 75 63 8 31 70 54 49 48 36 66
0 41 70 58 77 88 24 13 11 39 75 45 44 80 78 85 89 3 32 93
0 91 65 57 5 60 13 69 97 32 92 8 67 50 71 79 93 43 55 64
0 30 6 66 55 69 78 88 72 54 99 71 29 5 62 89 81 92 82 47
0 2 71 17 58 87 85 20 7 12 56 34 3 37 6 15 55 89 64 31
0 57 52 51 55 92 95 46 33 73 48 88 56 45 68 30 85 34 21 61
0 63 22 82 89 93 28 19 96 78 35 45 5 90 60 29 83 26 31 73
0 74 66 13 68 95 14 46 36 10 32 7 17 39 48 29 60 75 21 69
0 67 34 11 73 14 92 76 19 70 16 99 49 2 15 58 82 7 75 46
0 27 69 29 87 73 47 24 36 46 83 4 61 10 82 8 17 5 41 58
0 14 86 89 8 6 85 13 83 61 37 52 76 10 93 30 91 36 73 28
0 7 25 69 58 26 99 13 45 85 57 16 75 53 41 49 84 86 4 77
0 80 63 99 22 67 5 74 45 62 71 9 18 33 16 19 69 57 83 25
0 31 50 94 29 58 10 83 91 12 97 35 68 48 52 34 84 88 46 51
0 67 55 75 31 66 24 64 38 28 91 7 27 43 37 80 62 56 51 2
0 13 94 95 3 41 17 68 27 44 32 97 15 76 51 7 25 24 81 11
0 26 20 55 35 49 30 70 6 40 12 87 45 63 50 4 21 93 88 19
0 2 30 31 67 13 85 62 78 26 98 5 8 95 72 17 39 34 1 25
0 45 86 42 35 78 67 85 74 2 89 81 32 95 94 9 80 17 4 84
0 22 59 7 46 75 29 76 9 58 51 67 70 63 47 12 38 92 50 33
0 52 82 57 76 93 26 85 49 87 9 5 54 65 42 67 62 88 86 68
0 95 93 68 6 44 33 59 36 79 25 83 70 62 9 30 29 67 76 96
0 61 79 46 77 58 78 37 4 27 88 97 90 67 9 15 65 86 22 85
0 91 23 73 64 82 12 70 76 65 18 58 8 32 59 62 15 86 61 54
0 98 49 66 77 89 28 39 92 84 34 29 57 85 3 69 82 1 9 73
0 2 65 81 7 47 37 5 64 18 67 75 25 16 95 60 55 72 50 83
0 9 63 2 59 61 77 19 55 82 92 53 38 85 33 83 35 26 17 72
0 39 17 80 47 95 66 78 90 34 81 3 54 82 62 15 45 99 88 93
0 68 14 10 43 47 13 80 28 20 3 97 17 36 32 5 35 40 42 84
0 33 31 94 80 59 32 57 39 48 30 45 2 46 10 13 77 91 93 22
0 81 22 88 3 74 4 18 27 34 82 97 17 59 94 13 83 60 89 55
0 25 76 30 88 48 69 24 39 2 46 47 7 14 12 63 58 67 87 51
0 7 2 11 44 78 74 6 31 83 30 65 57 52 1 5 17 58 27 92
0 63 11 9 65 95 2 44 80 75 23 67 92 79 17 86 62 34 28 37
0 23 9 51 82 19 87 66 96 25 54 98 32 58 92 72 91 45 41 12
0 63 24 95 71 29 27 94 9 45 57 81 23 6 40 90 93 76 19 20
0 16 91 75 41 96 89 92 52 78 71 31 9 28 77 26 40 62 60 47
0 43 68 2 46 64 13 27 29 70 60 31 93 96 66 72 80 86 45 69
0 72 59 26 43 54 44 75 97 55 96 16 67 71 23 12 38 17 32 70
0 18 70 73 34 6 32 29 60 92 59 2 47 51 69 46 28 20 82 81
0 52 49 83 94 98 87 1 92 37 31 43 60 38 20 47 30 85 78 66
0 81 82 43 87 79 40 32 67 41 85 98 29 11 9 74 92 83 33 93
0 25 34 1 20 31 4 92 94 35 57 43 77 26 81 47 37 98 61 75
0 69 78 2 37 15 23 71 80 55 45 52 38 93 7 11 14 88 3 99
0 78 92 50 34 11 27 70 17 61 67 48 22 63 58 72 29 75 55 85
0 10 39 58 54 67 8 84 12 90 70 50 53 33 28 73 99 95 79 71
0 9 79 91 55 54 20 66 10 65 87 47 11 15 2 88 21 24 93 35
0 59 46 20 18 6 4 43 42 36 97 45 9 41 32 73 99 64 93 85
0 40 43 51 56 77 22 23 13 53 34 72 36 29 70 21 7 46 63 54
0 87 75 67 61 88 1 2 4 17 34 54 55 69 99 63 18 27 64 15
0 93 54 52 47 67 42 51 39 48 63 20 91 68 11 85 78 71 7 76
0 86 10 89 78 82 32 94 52 38 3 14 2 15 61 85 76 96 22 31
0 99 70 5 17 43 2 68 98 28 21 76 51 48 25 77 80 67 88 4
0 79 97 11 54 94 78 9 10 80 12 43 3 36 84 5 20 66 32 86
0 58 59 14 67 72 22 25 31 44 4 60 94 20 23 97 8 75 86 21
0 22 51 96 68 91 41 95 32 54 9 98 92 4 28 60 94 85 52 6
0 24 55 80 73 97 10 21 91 18 75 4 99 68 20 94 37 31 35 13
0 61 91 15 31 67 81 53 32 21 40 48 16 6 85 35 28 73 43 84
0 66 91 36 48 60 17 99 21 59 80 26 18 73 88 42 90 35 96 69
0 8 82 9 60 26 56 78 22 39 30 52 28 31 45 12 59 55 37 53
0 79 63 96 29 81 7 88 27 69 55 52 57 98 1 5 68 99 2 89
0 18 2 82 30 40 84 69 25 89 35 46 22 76 71 77 93 97 31 64
0 24 40 70 98 75 2 43 56 31 81 20 93 73 28 11 57 90 19 16
0 5 43 99 54 96 30 75 42 12 60 79 34 26 78 24 63 16 57 21
0 73 25 85 22 92 82 5 1 6 2 91 77 50 76 63 66 14 86 40
0 73 56 36 54 69 71 32 37 95 39 23 4 34 46 6 77 87 31 78
0 1 56 18 40 61 86 17 97 20 67 52 71 53 24 45 11 16 64 21
0 72 76 40 90 27 74 89 87 95 57 33 66 35 30 34 21 1 52 63
0 83 57 21 40 12 20 85 59 63 42 89 79 52 96 33 62 22 44 94
0 39 6 11 85 16 76 68 72 50 42 33 64 37 32 45 8 70 43 25
0 17 70 80 73 45 23 87 74 97 77 39 10 37 48 42 46 9 5 11
0 74 46 35 32 95 27 79 71 64 44 31 45 58 47 92 6 61 42 87
0 78 84 52 12 26 93 22 49 36 45 77 1 31 68 70 89 65 15 4
0 97 45 69 75 94 58 40 79 98 9 60 21 57 55 12 37 43 25 39
0 21 3 92 4 27 65 74 97 25 71 50 11 48 70 90 58 87 30 57
0 24 64 60 68 79 69 22 66 6 91 98 53 30 26 78 94 56 8 36
0 33 82 13 50 78 72 1 65 73 96 57 36 41 2 58 83 35 93 74
0 38 63 71 68 25 44 99 58 33 28 39 81 18 11 3 57 96 61 80
0 78 52 22 10 21 75 44 50 87 19 13 34 39 8 76 11 97 23 20
0 81 12 66 2 63 45 70 22 10 72 85 58 4 21 30 1 92 90 88
0 57 91 34 74 63 45 53 69 10 76 51 80 31 65 19 13 84 60 92
0 76 77 70 55 74 30 16 59 14 4 91 53 52 68 71 89 92 24 23
0 26 51 97 18 11 41 39 77 36 86 8 71 20 46 37 61 10 44 92
0 5 4 59 77 8 86 73 92 56 32 2 72 21 98 81 45 13 38 61
0 18 23 55 46 68 64 99 76 13 15 19 42 63 25 78 82 10 58 70
0 9 84 27 48 68 94 19 86 75 83 73 17 43 6 78 47 51 97 64
0 22 29 13 39 51 87 74 97 82 91 33 64 20 80 72 85 45 43 73
0 34 90 89 52 91 92 55 44 48 50 53 86 19 43 24 72 75 51 37
0 67 19 73 82 51 53 60 94 10 93 83 20 65 61 62 24 97 95 9
0 52 9 49 70 28 92 21 85 26 3 10 63 59 6 96 83 17 23 20
0 7 80 18 59 46 81 78 36 64 90 43 37 50 27 10 5 71 63 61
0 87 36 4 56 9 22 45 7 97 95 76 16 48 57 85 31 77 65 25
0 57 83 27 46 87 98 19 44 21 74 65 38 75 12 6 59 4 90 7
0 46 37 48 33 30 41 12 2 34 14 52 45 95 90 88 98 72 59 64
0 10 2 99 32 5 80 77 54 98 17 56 30 1 64 94 62 59 24 28
0 33 68 71 86 50 4 84 10 94 3 49 54 65 74 24 55 27 35 11
0 72 7 6 65 88 14 34 2 93 85 8 76 78 21 47 4 31 54 86
0 52 86 75 68 38 22 7 11 28 54 60 70 12 62 29 34 87 25 71
0 80 6 73 51 59 50 72 40 53 38 28 92 30 99 11 54 56 33 89
0 50 73 38 48 18 12 64 69 82 78 70 33 10 83 79 25 93 61 27
0 22 7 91 12 99 49 38 23 8 43 11 68 34 80 74 31 29 87 3
0 50 81 71 42 33 30 38 63 77 24 61 88 69 65 26 39 47 74 52
0 63 53 67 92 81 17 82 41 79 98 61 29 97 23 16 5 20 94 64
0 61 80 40 7 68 9 98 66 21 53 70 49 26 84 44 43 12 20 81
0 2 17 40 3 7 10 32 98 76 56 18 94 11 51 49 44 90 79 16
0 78 31 80 25 58 69 7 94 77 12 93 41 9 32 36 22 14 92 5
0 49 94 71 29 44 12 65 3 66 90 16 14 41 40 78 58 15 32 30
0 64 59 21 5 83 3 43 69 38 40 90 24 67 99 97 22 13 1 73
0 29 1 95 99 3 45 20 24 85 58 4 73 18 13 56 59 88 14 67
0 95 38 37 87 74 69 32 77 68 84 99 49 42 55 40 48 35 23 18
0 26 48 29 79 22 91 36 52 96 64 89 61 54 11 17 95 65 72 42
0 48 38 17 37 74 45 56 66 40 8 44 3 70 52 91 71 51 2 15
0 54 78 73 82 53 62 10 9 49 68 71 19 31 8 27 5 21 6 29
0 15 60 50 54 14 80 71 2 96 17 37 83 38 29 65 5 72 43 48
0 45 29 20 75 5 17 77 13 86 11 59 2 1 32 69 73 24 50 25
0 63 52 75 8 76 97 54 13 33 26 15 19 35 29 59 4 88 58 96
0 24 19 15 80 50 12 95 37 86 96 9 48 28 23 77 87 10 76 56
0 69 12 28 59 94 26 60 62 83 27 89 24 51 61 18 38 22 35 33
0 27 75 73 7 40 8 66 77 4 30 22 60 45 49 33 67 71 76 47
0 45 23 95 58 5 73 61 15 92 81 54 56 30 38 48 66 10 83 87
0 14 45 20 90 12 86 89 18 3 6 46 41 88 98 23 35 47 34 1
0 37 84 64 93 57 32 77 47 3 99 40 63 58 89 87 56 27 92 48
0 37 96 54 79 11 83 24 15 56 85 52 6 39 66 47 63 73 9 8
0 76 1 62 71 28 85 43 10 86 9 32 45 89 65 95 23 8 72 83
0 31 83 38 68 17 27 50 74 91 98 14 60 4 37 8 23 9 96 24
0 86 13 29 80 67 50 97 49 99 73 47 64 57 87 65 53 19 17 37
0 50 54 82 91 60 55 28 47 75 2 41 26 18 6 65 52 77 15 30
0 9 63 68 16 87 2 88 80 12 85 56 35 25 93 77 38 60 18 89
0 90 61 23 78 4 39 92 82 54 67 12 91 63 83 11 58 32 56 40
0 62 80 7 92 61 45 15 64 59 89 16 29 71 49 87 73 86 69 20
0 68 73 35 36 38 78 97 23 76 54 31 12 7 57 29 94 70 21 4
0 11 52 84 45 37 90 91 41 40 97 73 75 66 38 89 34 36 80 85
0 91 93 40 69 42 1 55 27 10 33 89 66 86 92 9 22 13 76 16
0 43 84 30 72 54 68 88 7 73 86 34 36 3 31 15 81 38 24 53
0 12 10 30 77 51 1 79 85 98 66 86 89 20 95 14 92 44 87 97
0 36 67 89 69 49 6 56 43 13 38 15 10 7 28 68 61 8 2 29
0 30 57 54 14 77 16 36 52 40 8 90 79 82 41 6 64 62 22 15
0 2 39 61 23 35 28 14 92 17 13 49 65 15 51 68 6 67 29 8
0 89 63 97 49 98 44 21 77 62 16 96 74 39 12 60 25 30 90 87
0 36 9 15 63 19 35 62 6 48 3 37 66 10 53 60 73 91 7 71
0 9 21 23 1 94 98 81 38 42 36 13 50 11 93 8 46 19 59 20
0 75 59 48 8 70 21 99 32 14 89 3 5 20 84 2 73 31 24 25
0 57 68 17 39 26 48 10 5 20 50 96 94 34 82 6 7 83 41 77
0 56 6 59 92 7 58 17 77 39 70 63 66 87 46 44 34 89 90 11
0 36 83 66 20 3 76 56 78 41 81 43 23 91 9 45 7 32 53 15
0 97 90 25 32 10 49 78 45 75 24 46 74 40 37 96 35 43 53 66
0 43 14 46 75 25 3 1 39 13 33 52 80 59 89 30 69 88 12 73
0 54 81 48 88 60 40 38 49 64 89 45 77 47 65 98 67 33 78 97
0 5 80 11 21 8 29 93 71 83 56 27 76 46 88 72 73 40 32 75
0 92 38 70 23 81 71 43 63 89 31 88 78 12 5 3 37 48 83 6
0 47 80 19 30 52 96 26 14 60 12 35 16 53 40 71 23 85 86 22
0 14 62 44 66 27 19 48 54 45 15 37 50 93 74 85 30 88 95 9
0 71 97 84 49 48 83 37 81 63 89 54 42 5 13 56 53 1 39 92
0 23 55 90 34 14 87 35 17 38 19 71 3 99 56 81 15 46 53 70
0 98 71 76 73 61 38 44 28 59 53 3 54 56 60 17 93 84 88 67
0 87 19 10 40 61 23 95 26 62 24 6 57 9 13 99 44 66 33 7
0 46 47 57 22 41 48 14 97 36 88 28 12 5 37 78 40 52 82 31
0 24 48 8 80 30 37 74 35 25 96 44 71 26 83 82 95 32 11 20
0 99 4 35 58 64 83 78 91 70 19 54 31 76 28 61 40 1 94 33
0 9 88 87 17 59 36 90 11 48 7 85 56 42 4 34 15 53 95 33
0 74 98 24 65 64 96 10 45 95 52 8 33 6 5 50 39 79 60 47
0 64 7 15 78 18 72 33 69 42 4 83 90 3 26 86 35 39 76 48
0 36 15 26 91 38 22 55 46 49 19 44 68 64 92 89 3 61 57 7
0 30 55 92 41 65 77 15 57 97 58 72 94 27 62 63 18 3 6 71
0 1 37 62 74 34 32 52 29 24 98 14 61 15 35 2 50 42 81 41
0 42 34 45 68 27 47 56 46 66 28 44 57 35 29 21 98 26 23 51
0 78 42 82 61 9 76 90 75 57 46 23 12 83 60 20 48 97 86 56
0 45 3 53 89 13 62 11 5 14 59 8 61 95 2 78 86 91 67 32
0 84 23 35 95 29 57 36 80 92 19 75 3 30 2 59 13 47 89 49
0 93 12 21 87 32 8 82 71 43 57 62 39 49 9 46 26 4 18 35
0 18 52 66 69 43 15 51 78 40 91 56 79 70 20 33 76 1 34 81
0 67 47 33 29 75 56 24 32 8 90 60 59 86 1 13 37 83 65 19
0 64 9 53 34 5 45 30 55 56 8 62 66 52 90 22 86 71 77 25
0 94 35 40 18 3 5 60 39 42 50 23 67 93 95 34 64 69 77 31
0 75 39 35 5 30 69 46 15 70 96 52 97 81 18 20 13 72 25 67
0 24 99 68 81 5 69 39 47 26 75 16 18 34 37 23 77 22 86 74
0 69 68 48 35 98 10 21 49 25 28 82 30 32 79 57 74 42 7 51
0 1 93 54 7 53 45 11 32 67 14 95 69 90 68 12 97 76 24 25
0 21 61 44 28 27 72 36 84 68 35 11 77 51 3 93 20 56 25 42
0 33 41 2 5 61 30 94 45 89 70 21 19 47 18 79 66 96 51 37
0 32 99 95 63 47 50 70 92 27 52 28 45 11 88 96 93 83 15 48
0 18 13 87 85 91 24 4 83 11 14 16 30 15 63 21 95 90 42 33
0 92 69 59 43 17 37 10 47 98 28 95 79 31 61 26 35 87 84 38
0 77 26 85 84 31 6 5 63 67 34 80 20 15 8 39 88 71 95 16
0 35 86 75 58 53 79 48 71 56 51 92 76 96 17 19 31 40 57 41
0 51 74 98 49 6 35 9 81 63 99 33 93 69 38 70 42 45 23 54
0 64 48 8 79 77 61 23 12 91 52 57 9 66 65 83 30 3 27 46
0 82 48 33 39 92 42 83 61 80 65 73 53 8 60 10 96 5 90 62
0 85 60 27 62 99 42 18 70 47 33 93 4 1 11 67 66 96 28 86
0 48 34 95 28 53 54 90 7 4 9 97 56 25 67 91 72 35 10 61
0 40 41 90 32 12 13 18 97 66 85 73 45 58 25 2 84 82 60 69
0 7 26 66 39 45 68 56 44 97 4 24 52 25 77 36 8 37 94 12
0 88 75 1 99 20 74 72 83 16 56 34 28 31 17 64 39 13 29 38
0 22 99 36 72 53 97 98 86 74 26 27 32 51 49 61 3 23 59 68
0 83 71 98 3 90 35 22 53 21 24 19 73 64 7 1 23 4 46 75
0 68 21 80 12 63 71 53 39 90 8 74 98 85 30 46 5 44 49 32
0 48 62 11 92 51 73 71 75 8 13 67 34 68 83 99 58 78 97 60
0 6 39 67 31 24 88 5 72 23 11 26 75 40 82 57 62 35 43 94
0 20 16 43 99 80 78 75 18 54 40 42 35 71 4 58 24 25 45 50
0 20 30 59 14 82 57 78 40 9 99 53 72 2 34 42 92 18 1 35
0 87 58 1 23 22 44 33 88 75 4 28 65 19 66 77 71 84 30 3
0 52 61 4 35 49 78 97 24 98 13 36 71 87 57 16 75 9 6 72
0 5 83 63 69 80 28 21 77 8 48 41 10 91 53 1 93 74 33 37
0 83 70 11 17 80 84 71 89 8 65 24 68 51 20 60 1 79 85 21
0 66 61 62 9 56 83 42 16 68 78 82 21 29 44 79 72 46 13 38
0 17 48 72 69 31 76 23 68 58 60 3 75 7 9 41 91 52 38 57
0 95 91 20 22 44 23 63 75 77 41 3 31 14 57 86 87 64 49 8
0 20 83 43 69 70 74 80 40 84 23 58 7 45 49 55 86 5 14 48
0 8 50 76 58 46 64 5 78 47 89 69 9 11 12 42 83 93 25 61
0 61 33 37 53 46 95 70 29 96 10 67 90 30 27 72 89 50 1 14
0 33 7 1 16 34 6 35 72 89 66 93 69 57 64 26 95 80 90 32
0 49 69 8 79 64 43 36 39 74 23 72 1 63 34 41 52 13 81 71
0 19 91 28 61 52 81 87 31 47 78 16 59 49 89 40 70 96 57 48
0 2 78 85 4 29 86 98 94 76 65 99 23 42 59 45 18 25 89 52
0 98 35 59 31 32 5 39 69 12 27 80 23 11 45 36 20 44 49 25
0 68 86 39 28 47 37 50 93 91 71 79 89 14 72 36 27 69 21 61
0 2 70 21 55 37 47 25 39 51 28 34 49 7 54 36 41 30 53 42
0 57 74 73 37 61 22 51 63 31 91 86 93 56 46 10 58 18 52 23
0 51 5 31 68 36 58 22 63 77 64 41 19 61 37 44 56 45 86 69
0 94 59 57 50 54 4 17 8 77 31 53 82 42 85 81 3 13 76 1
0 89 83 8 86 43 74 78 20 87 91 64 59 63 19 33 96 13 14 30
0 1 27 63 70 42 24 14 62 8 43 57 83 37 88 96 78 67 59 28
0 33 43 5 30 3 77 42 12 9 67 2 89 15 75 13 79 8 20 60
0 32 95 9 88 84 29 75 6 91 27 77 23 18 1 61 89 68 52 4
0 9 97 73 95 39 69 84 2 66 11 44 49 51 85 17 46 15 67 86
0 7 75 18 42 28 79 40 58 20 68 44 43 24 71 63 61 80 12 57
0 45 75 69 90 81 11 14 98 97 21 88 87 51 53 19 56 5 9 38
0 46 26 62 48 31 28 84 81 53 9 27 97 30 79 57 71 17 64 77
0 15 45 87 74 99 34 10 6 7 77 39 76 49 58 55 4 13 63 71
0 84 39 99 17 26 91 69 11 41 93 34 55 22 28 67 73 82 78 86
0 18 52 13 86 32 6 40 53 69 90 59 41 81 45 26 77 4 72 61
0 4 14 73 49 67 46 13 22 63 59 65 8 48 29 74 23 43 37 50
0 84 80 56 1 18 33 14 79 27 54 23 5 47 37 43 74 44 45 26
0 12 72 67 60 11 90 45 26 59 20 32 42 21 73 15 58 24 52 18
0 57 52 69 98 31 53 12 41 40 15 49 91 92 42 55 25 87 9 58
0 45 83 36 96 88 99 77 49 53 35 64 13 73 85 52 87 6 79 28
0 63 40 68 10 51 34 59 83 78 93 5 65 47 45 72 57 58 81 36
0 18 56 7 87 74 86 37 40 94 25 10 30 43 8 71 26 3 41 32
0 94 15 93 72 65 34 71 85 29 76 37 52 96 48 50 33 69 13 51
0 19 15 73 87 20 93 61 74 21 91 97 3 4 28 2 47 34 90 29
0 20 1 61 29 33 73 66 84 89 34 26 72 51 96 57 81 74 43 6
0 56 48 74 8 84 39 46 67 35 88 94 22 9 95 33 73 36 62 93
0 31 75 94 38 7 15 60 98 47 74 65 82 62 9 93 59 45 28 81
0 86 4 82 24 57 89 96 78 70 53 36 25 3 17 13 38 98 85 72
0 50 31 10 51 32 97 29 52 88 62 7 21 53 4 85 2 6 33 77
0 66 69 6 27 74 72 62 89 22 93 12 15 82 55 8 84 2 17 77
0 8 85 88 11 97 2 56 86 70 77 50 45 7 54 72 62 67 79 51
0 25 53 70 7 3 46 19 14 42 32 47 16 22 75 20 36 54 61 11
0 21 85 43 58 31 60 5 84 68 19 38 79 6 99 24 80 15 50 47
0 95 60 67 2 4 73 10 35 63 51 57 33 40 18 5 89 85 79 13
0 83 11 75 51 27 68 26 77 80 32 44 87 39 91 71 93 15 22 63
0 42 3 90 93 70 75 43 55 37 33 59 82 97 77 94 15 80 40 7
0 63 7 70 13 20 98 22 67 54 14 21 33 10 95 99 60 89 86 69
0 6 3 31 50 26 36 85 91 73 82 96 89 80 16 88 1 4 46 69
0 35 11 63 26 12 67 4 52 18 50 97 7 28 93 66 1 38 74 57
0 95 84 88 66 24 67 21 61 1 68 85 56 60 73 75 52 13 80 91
0 75 59 71 42 99 58 29 45 21 14 34 32 15 72 52 69 25 88 9
0 69 57 45 28 24 59 90 12 50 53 40 31 67 81 11 72 10 47 74
0 45 29 22 48 88 8 66 43 24 27 16 42 12 59 18 72 28 34 89
0 15 42 14 36 4 85 44 64 84 90 32 10 53 31 35 61 66 50 24
0 84 17 89 56 63 43 30 59 40 75 81 5 10 22 41 46 36 67 16
0 34 77 2 35 19 32 49 7 1 9 74 93 39 84 99 56 94 71 13
0 73 60 14 59 78 74 16 33 13 69 11 68 12 49 25 40 77 76 37
0 98 15 40 73 85 19 30 61 87 68 44 49 80 43 20 63 67 12 22
0 24 22 69 93 79 67 50 70 41 72 57 96 38 14 47 78 10 37 98
0 64 18 77 30 75 89 60 6 37 33 28 71 82 92 12 94 86 15 23
0 86 73 47 43 36 60 41 16 64 13 31 75 77 1 70 44 56 22 91
0 95 33 21 63 5 19 31 73 72 80 59 92 93 44 74 4 23 24 27
0 92 15 66 21 57 73 70 84 47 60 52 27 97 36 4 78 11 68 93
0 98 38 99 65 84 80 45 44 36 24 58 35 95 62 91 94 78 5 85
0 50 99 96 65 18 3 11 92 7 6 17 33 58 76 28 34 54 29 53
0 29 39 71 6 26 57 96 76 47 62 33 22 80 42 32 25 44 86 99
0 71 97 27 23 6 70 92 25 55 90 28 8 2 44 95 21 59 4 38
0 85 12 19 48 69 1 55 33 54 90 26 5 38 99 41 76 35 78 47
0 57 81 56 85 37 63 31 10 64 87 65 94 44 95 40 15 86 14 51
0 71 45 53 67 51 94 66 8 52 78 3 79 95 29 2 21 38 87 54
0 65 4 68 22 71 93 45 62 30 47 17 46 92 25 98 15 59 61 32
0 30 21 46 94 95 70 67 99 33 42 37 72 62 68 25 38 65 13 23
0 82 95 18 90 63 43 71 20 58 69 52 57 79 61 40 94 72 54 73
0 20 10 92 68 71 52 63 46 98 22 89 78 94 85 40 26 49 93 27
0 22 9 2 20 48 80 76 92 90 29 96 45 38 12 63 65 6 44 56
0 82 42 9 59 31 14 12 73 37 97 40 43 90 41 84 8 36 15 93
0 19 35 45 65 70 20 80 2 68 18 32 14 26 95 8 87 1 47 67
0 98 79 18 8 82 16 72 34 96 22 31 1 35 17 89 37 47 51 45
0 67 98 40 66 90 95 27 36 6 8 63 35 79 21 58 72 78 74 20
0 84 72 41 60 50 35 52 31 48 37 20 64 47 33 8 55 43 99 22
0 61 83 21 46 39 52 93 25 84 35 58 38 78 49 54 59 1 19 16
0 30 5 91 94 27 55 92 67 23 49 11 90 59 64 98 54 77 76 9
0 18 33 41 99 95 24 93 69 46 67 10 5 71 76 77 78 19 30 3
0 53 75 68 90 36 8 39 98 65 32 67 1 71 14 31 13 3 94 58
0 25 55 61 28 84 38 43 35 93 37 16 83 88 72 76 91 40 42 77
0 3 85 21 52 35 93 65 4 86 61 30 60 10 84 79 45 31 33 73
0 13 88 69 84 81 59 45 15 37 53 5 49 9 41 54 28 47 20 86
0 41 87 21 32 52 51 81 97 74 31 23 76 47 99 57 10 85 26 93
0 92 68 74 94 75 51 21 49 77 70 11 47 19 40 89 76 46 10 2
0 9 58 54 90 30 93 26 87 23 68 56 71 98 27 46 17 42 41 67
0 85 90 57 79 59 2 14 32 71 46 84 69 58 73 16 21 29 17 8
0 89 52 72 2 15 47 13 71 14 29 50 26 66 12 68 20 43 36 85
0 83 96 37 42 93 94 32 92 4 18 16 34 20 91 11 13 82 54 9
0 96 32 26 27 12 34 86 59 46 22 49 19 47 89 38 53 30 1 81
0 12 50 80 46 24 59 62 67 11 87 60 95 84 20 15 26 14 23 93
0 59 32 72 87 54 30 41 95 98 58 79 64 82 93 53 43 19 76 47
0 59 37 65 79 64 8 91 45 82 87 10 20 90 13 78 98 72 49 86
0 1 18 10 59 77 31 33 26 68 71 76 56 19 5 90 89 27 13 39
0 17 8 85 38 25 40 12 95 49 47 28 14 37 41 30 23 79 46 35
0 81 72 10 69 12 6 42 96 80 8 26 16 25 5 37 70 85 21 88
0 68 62 30 56 70 77 28 78 73 69 20 49 79 98 7 18 67 16 1
0 34 75 42 46 17 61 1 52 13 80 36 84 9 27 47 77 30 57 92
0 80 49 91 57 76 88 40 73 33 60 14 61 36 65 51 54 84 45 69
0 21 45 16 81 34 57 74 6 17 66 38 70 96 7 46 78 95 39 88
0 40 9 33 61 83 20 29 93 76 21 60 35 38 3 31 68 70 45 99
0 15 63 27 79 57 46 86 5 94 40 7 98 45 2 4 95 72 47 33
0 32 18 85 51 8 33 4 61 3 86 57 78 7 81 29 95 16 69 5
0 79 15 49 19 17 71 61 24 26 6 78 84 30 33 76 92 72 9 23
0 19 83 72 55 31 3 7 96 53 30 9 26 81 66 70 80 94 44 92
0 37 68 81 38 18 16 34 92 47 28 70 73 82 67 94 75 66 13 23
0 57 63 9 95 53 94 4 46 44 25 12 82 66 67 47 45 76 22 32
0 99 60 17 52 20 44 90 15 75 74 29 28 32 3 69 26 61 95 58
0 79 10 42 84 51 21 14 70 83 3 71 47 76 49 37 34 9 57 68
0 77 51 58 79 90 56 66 9 55 64 92 44 45 20 27 62 12 75 49
0 97 54 68 24 79 69 75 51 56 19 71 20 14 7 81 87 21 15 92
0 53 45 26 98 61 93 23 17 75 6 48 38 33 25 70 9 86 95 49
0 34 4 77 47 15 28 94 54 95 13 64 51 65 80 75 91 84 23 59
0 41 82 58 6 27 43 11 30 7 28 57 34 90 4 87 53 23 70 59
0 33 56 46 29 58 63 74 41 52 98 42 22 28 92 30 96 79 61 51
0 64 49 58 22 50 45 3 69 86 1 66 9 42 71 6 93 35 28 11
0 76 78 97 95 22 66 42 70 57 85 35 10 19 15 65 72 52 77 99
0 35 50 30 40 5 92 66 38 4 79 77 1 18 44 21 63 81 11 83
0 74 54 59 22 71 1 18 12 17 77 96 9 52 83 89 61 5 58 30
0 31 21 37 79 14 20 81 96 35 41 27 99 39 77 94 9 46 98 62
0 16 33 12 49 73 44 69 67 43 7 54 4 40 8 63 52 64 19 18
0 66 59 29 94 15 21 7 81 63 34 17 61 42 76 65 78 44 87 24
0 34 81 40 53 15 57 25 13 84 41 3 97 29 71 21 36 75 22 70
0 54 15 76 18 55 41 95 73 56 58 7 84 85 94 4 28 70 60 90
0 78 80 88 36 95 54 96 26 15 31 11 64 5 2 25 79 9 72 35
0 66 37 76 48 5 71 77 25 1 19 24 63 61 27 90 94 18 91 14
0 37 78 98 29 93 9 95 64 56 89 31 67 22 48 26 16 25 24 61
0 75 84 16 49 38 45 94 34 36 35 47 74 64 4 88 60 92 25 28
0 28 67 17 20 29 95 81 64 16 9 23 51 1 19 12 45 13 79 36
0 56 78 13 2 17 88 21 16 73 53 71 11 29 31 67 68 62 34 30
0 43 21 24 46 27 87 31 64 81 42 20 4 62 50 6 51 99 92 40
0 6 31 56 86 13 41 98 5 20 26 65 59 29 54 66 47 23 30 51
0 33 59 3 48 78 2 31 85 72 86 38 87 57 4 53 55 54 5 41
0 40 66 30 5 72 82 69 31 23 86 62 17 27 75 87 74 54 22 85
0 6 89 39 87 3 5 53 61 77 19 13 31 73 43 64 47 51 97 57
0 45 46 21 32 81 86 39 79 13 55 69 73 31 56 61 12 99 96 53
0 99 37 63 40 23 1 93 96 70 89 35 60 20 76 4 73 28 62 19
0 39 98 72 70 77 34 47 57 55 83 35 59 64 75 32 49 99 63 67
0 29 37 32 26 92 23 49 67 98 97 65 4 53 55 94 93 79 86 64
0 70 10 55 58 52 29 66 23 71 82 75 74 95 61 44 69 51 73 26
0 78 2 25 34 30 90 83 55 47 46 53 67 70 20 88 84 66 77 16
0 24 49 48 19 74 70 52 88 80 40 22 21 11 78 37 18 57 53 73
0 40 77 62 87 15 97 49 61 35 22 90 57 4 94 66 86 12 84 89
0 11 48 82 60 98 35 43 88 51 68 96 59 66 99 26 53 1 6 93
0 69 2 17 37 48 22 92 19 44 9 6 51 65 36 1 57 25 28 96
0 8 16 74 1 24 96 49 95 31 19 17 40 99 58 59 26 87 68 52
0 28 73 38 29 15 55 66 20 61 62 7 44 14 58 77 65 96 16 2
0 12 99 34 44 39 33 27 70 68 47 19 7 59 86 55 13 92 95 97
0 79 27 75 99 97 87 76 39 51 71 57 8 13 9 23 40 81 12 80
0 78 36 14 66 21 69 4 37 81 73 58 31 19 44 29 70 30 2 94
0 93 55 33 47 91 61 68 85 71 24 20 42 83 8 84 77 14 1 76
0 11 79 32 54 4 74 64 84 82 29 75 69 49 77 87 20 14 46 97
0 33 4 98 50 49 55 52 15 77 6 30 83 72 32 56 1 44 73 97
0 52 23 73 30 13 83 86 28 29 20 63 34 53 12 72 68 58 60 81
0 11 15 82 99 20 76 26 92 31 18 90 48 58 25 97 89 65 62 69
0 24 67 21 80 58 13 1 79 25 20 18 53 76 31 5 33 99 29 96
0 75 93 32 2 14 4 91 42 88 1 85 24 73 71 61 26 66 21 69
0 71 58 17 26 24 96 34 25 8 36 55 54 61 52 59 91 63 1 14
0 72 18 66 4 59 23 16 63 19 74 29 3 7 47 79 58 50 22 52
0 53 13 25 83 32 12 11 15 75 21 94 49 99 50 64 10 44 86 61
0 34 16 6 49 18 96 68 14 59 82 48 87 83 40 8 53 47 52 75
0 45 77 85 99 5 92 39 22 50 11 23 91 15 4 29 82 48 34 60
0 57 41 59 48 64 98 38 99 90 13 45 76 96 49 20 28 60 31 3
0 22 80 76 36 17 31 57 63 9 67 35 51 66 81 16 94 97 34 61
0 88 26 21 74 81 97 83 63 77 49 11 84 31 96 67 85 64 27 73
0 31 89 91 26 9 88 10 52 71 93 22 15 78 57 42 76 47 32 80
0 83 78 69 93 56 35 52 45 65 21 92 16 48 2 4 84 6 8 95
0 25 10 28 82 95 63 93 5 74 47 92 4 76 87 36 16 38 90 31
0 46 43 34 26 57 87 74 42 49 62 53 31 5 61 10 21 69 24 96
0 88 69 85 96 47 79 68 10 70 84 48 57 66 90 64 51 55 42 4
0 75 39 78 18 89 3 42 19 45 98 64 4 24 71 13 33 77 12 10
0 57 61 92 66 13 8 94 60 50 63 69 15 16 91 40 77 52 56 9
0 15 17 96 37 14 71 43 8 89 41 40 85 61 45 73 64 99 75 48
0 94 48 34 69 35 2 4 33 80 86 79 87 75 68 40 43 70 7 91
0 78 62 23 52 84 70 57 33 36 81 35 43 96 37 19 46 67 89 64
0 27 70 84 63 73 21 81 9 85 1 78 98 43 57 65 6 54 74 28
0 94 61 49 51 64 95 32 52 37 12 50 91 5 60 86 97 8 25 83
0 98 29 20 92 38 82 13 65 74 16 50 77 34 76 51 30 25 88 6
0 28 25 15 29 62 70 57 9 19 38 91 46 14 92 93 87 59 71 11
0 13 85 49 44 26 63 14 4 67 86 87 79 95 29 59 3 65 32 80
0 73 4 41 31 71 69 28 97 24 42 92 51 37 86 14 66 6 63 82
0 60 86 64 98 97 40 35 53 6 56 27 43 66 62 34 29 26 9 68
0 53 79 54 48 85 68 38 36 11 88 9 89 80 37 6 35 92 27 84
0 42 61 62 28 96 74 40 32 23 41 84 88 8 22 5 94 91 76 80
0 76 22 33 13 56 20 59 26 41 52 58 35 53 50 99 25 49 4 72
0 63 97 16 35 75 59 15 94 90 96 76 8 79 70 5 7 36 83 61
0 24 17 30 20 34 52 33 71 41 55 99 18 21 68 19 95 66 62 53
0 28 81 18 88 57 70 46 86 44 93 35 13 50 74 61 16 83 66 65
0 3 25 38 1 46 67 27 70 35 56 72 86 20 75 8 32 31 45 59
0 11 37 62 60 32 77 78 64 91 19 59 20 69 96 81 92 73 27 74
0 3 65 2 34 60 92 37 47 22 29 82 54 53 76 81 69 67 14 18
0 45 10 72 52 58 49 33 11 91 46 44 24 92 12 29 35 64 15 23
0 13 36 79 42 62 27 10 43 74 65 58 67 31 50 12 26 97 64 4
0 28 38 16 23 75 51 42 58 8 79 13 15 95 90 71 77 74 70 17
0 63 57 10 61 3 70 69 34 55 7 24 90 52 74 48 15 36 96 8
0 74 42 57 23 65 18 41 92 25 28 88 22 39 45 83 26 4 62 84
0 7 50 21 90 34 37 75 76 85 83 48 10 91 47 81 80 43 94 36
0 47 71 95 70 8 79 94 14 12 60 33 84 77 45 41 75 21 35 15
0 52 66 30 20 27 65 47 93 38 6 19 72 31 56 21 88 43 4 42
0 78 42 71 75 49 83 86 94 23 14 20 62 3 28 38 1 64 53 41
0 37 16 24 7 89 25 58 88 73 23 94 14 86 81 57 72 29 6 79
0 69 56 73 78 10 5 93 21 76 89 39 99 77 52 84 82 42 37 50
0 24 96 82 98 39 31 41 59 66 16 34 35 79 19 28 5 21 49 78
0 77 85 69 78 26 43 35 62 9 11 73 68 2 32 67 42 82 75 58
0 94 98 81 80 78 45 56 79 25 23 51 17 63 67 95 2 42 60 34
0 5 89 27 83 64 61 38 15 56 97 99 65 12 23 69 44 63 22 62
0 90 6 69 82 91 52 94 72 44 9 96 35 58 74 30 83 18 46 76
0 12 99 78 25 21 3 11 53 39 80 97 47 13 67 55 40 95 62 52
0 37 92 82 29 34 52 74 10 88 43 54 66 95 56 71 15 58 18 28
0 7 36 46 11 84 14 90 53 65 6 34 59 17 75 8 5 87 45 64
0 84 32 73 68 94 69 33 20 70 29 77 36 19 78 98 49 56 60 15
0 61 13 43 7 62 50 81 91 99 12 90 55 38 76 93 1 2 86 30
0 3 97 25 18 9 54 76 88 65 24 60 62 89 61 91 4 95 47 50
0 45 58 63 11 95 61 10 60 87 33 3 36 66 78 62 32 48 92 91
0 76 61 5 98 99 67 96 43 89 77 29 85 57 49 33 15 59 35 4
0 23 65 54 68 72 66 11 29 71 13 10 35 6 77 52 97 57 39 31
0 98 1 67 59 86 75 95 63 85 56 51 12 43 47 90 46 6 33 76
0 95 80 21 10 32 31 85 24 61 13 46 90 29 40 12 6 15 60 62
0 35 3 47 17 42 11 82 50 2 30 58 93 61 97 63 16 85 10 19
0 88 50 89 97 58 95 74 93 53 45 25 73 85 35 32 80 28 82 67
0 85 58 41 9 86 38 84 82 95 18 31 88 59 75 37 40 2 71 70
0 12 63 38 37 42 77 53 43 85 86 70 66 54 20 36 41 5 24 75
0 67 14 59 30 31 23 32 49 53 87 3 54 88 26 61 79 97 52 57
0 79 23 58 27 21 44 53 45 30 95 5 46 19 52 68 40 36 78 92
0 18 11 99 8 67 48 54 68 82 3 46 73 49 30 39 70 50 83 24
0 28 25 2 87 65 23 62 49 78 29 56 59 76 12 81 41 4 72 89
0 73 17 39 58 99 79 38 65 34 24 94 20 45 40 71 14 76 8 4
0 46 62 33 90 53 86 76 43 59 45 48 31 56 88 8 87 42 3 72
0 1 53 32 10 86 74 42 11 72 50 58 97 90 60 37 35 78 95 52
0 98 68 52 8 58 80 27 5 33 29 3 35 19 79 76 20 26 14 83
0 96 99 67 27 82 31 95 42 85 22 47 69 21 89 15 75 44 33 45
0 27 99 40 75 98 32 28 77 72 24 94 42 82 68 57 17 56 90 1
0 73 13 38 9 25 2 39 3 61 23 88 82 65 59 84 42 58 85 32
0 62 88 48 18 96 58 56 54 5 81 92 33 22 43 10 95 38 91 57
0 9 11 47 58 55 43 90 44 63 34 82 95 32 16 78 65 51 62 4
0 12 95 53 92 81 99 20 66 91 50 3 38 42 43 1 40 23 8 80
0 83 50 66 30 31 63 41 35 53 13 2 37 4 46 62 10 44 73 94
0 35 24 92 61 58 66 84 38 85 70 46 89 95 47 74 65 98 26 20
0 86 17 61 87 69 34 81 15 9 37 19 53 28 85 54 89 62 72 11
0 57 42 37 82 28 33 76 64 16 70 20 43 10 1 25 52 97 83 71
0 85 92 66 63 89 15 64 86 19 83 99 97 17 82 31 59 61 2 90
0 36 11 1 10 84 52 82 78 33 67 18 60 54 23 53 90 77 30 26
0 41 40 10 59 42 80 43 12 22 7 64 20 87 72 21 95 16 60 14
0 62 28 54 4 40 44 50 85 96 93 74 49 47 98 23 83 1 48 97
0 17 82 94 67 15 63 41 78 51 96 57 77 35 16 27 98 50 89 88
0 57 17 18 92 9 37 11 21 54 86 43 34 93 46 69 12 23 39 44
0 93 99 48 51 21 73 87 59 42 12 65 92 66 81 54 10 76 35 94
0 45 83 96 51 38 81 1 73 2 90 21 10 32 74 89 34 70 18 48
0 13 32 84 28 20 7 18 68 86 26 72 47 3 52 75 23 50 22 95
0 88 78 47 57 83 5 9 36 40 37 49 30 54 13 60 34 73 32 72
0 93 74 48 29 26 75 67 41 7 53 70 72 10 49 90 87 39 43 71
0 71 39 52 95 70 44 5 13 89 60 88 59 31 49 74 84 98 93 27
0 8 95 80 30 83 38 58 14 41 61 1 2 92 10 63 48 40 32 88
0 85 33 5 14 23 59 4 58 53 52 92 31 90 18 60 28 66 76 67
0 12 26 17 41 80 11 46 28 94 57 99 81 22 58 36 50 9 40 89
0 3 83 78 84 94 40 43 4 33 38 64 69 58 59 55 27 29 56 48
0 5 56 38 60 26 77 85 78 30 16 17 99 39 83 53 40 21 65 33
0 99 83 75 46 41 50 37 39 74 25 36 31 55 19 17 38 69 58 62
0 25 72 8 81 47 11 49 82 57 32 98 96 94 3 90 80 99 45 33
0 5 68 58 46 35 66 96 13 52 45 10 20 84 60 15 55 48 41 19
0 21 39 31 80 23 40 41 71 98 33 30 93 84 75 35 78 56 64 8
0 16 75 26 90 33 93 67 46 94 77 47 30 73 14 92 19 27 25 81
0 18 12 14 31 26 7 33 39 78 65 62 94 88 77 63 54 57 95 17
0 74 59 14 13 1 83 35 25 33 56 29 26 76 77 8 16 39 89 92
0 5 38 1 41 79 98 85 25 29 76 92 44 22 26 52 34 30 6 89
0 28 77 34 79 16 81 69 27 89 70 47 90 15 8 52 26 66 72 24
0 73 67 8 31 14 60 74 49 16 10 44 48 56 61 32 41 45 30 91
0 12 22 32 68 84 93 52 81 49 2 4 48 19 74 27 56 24 64 7
0 42 86 70 68 57 67 99 77 41 96 78 13 83 51 28 40 59 79 31
0 13 35 86 98 68 90 28 23 99 8 14 9 79 18 4 29 11 3 84
0 50 72 71 32 69 41 15 3 19 26 55 18 14 45 73 88 20 77 39
0 96 55 98 14 15 11 37 89 20 8 86 24 34 39 91 69 2 81 56
0 55 40 65 3 36 11 5 10 66 28 45 4 77 60 49 63 51 25 97
0 62 87 7 30 94 83 29 20 8 6 45 43 63 99 38 42 96 80 15
0 22 4 19 97 52 54 35 41 89 34 62 45 59 85 9 50 7 55 79
0 1 54 5 63 43 66 92 30 82 60 10 87 41 11 79 46 75 15 22
0 69 97 11 48 60 35 26 99 13 83 55 93 72 39 67 17 70 90 79
0 28 99 36 71 56 9 76 41 64 39 98 4 38 46 6 62 17 59 40
0 34 27 30 68 83 66 35 12 22 75 18 6 45 59 62 90 84 46 86
0 99 82 13 36 21 27 53 26 80 69 3 17 44 16 92 72 18 76 54
0 54 73 5 74 8 17 48 4 16 15 88 7 58 92 26 56 52 40 50
0 64 16 5 73 66 70 63 26 71 19 17 21 47 54 60 25 52 37 59
0 30 77 40 68 27 29 72 63 14 43 92 79 35 25 69 26 49 4 96
0 50 76 67 99 18 85 10 83 86 40 4 77 63 29 39 27 35 19 78
0 32 43 99 3 38 93 72 13 97 86 19 63 92 55 46 22 81 6 4
0 88 22 98 15 9 86 11 37 39 8 70 5 77 76 59 47 51 83 16
0 81 11 88 43 73 94 41 26 5 61 57 91 55 23 76 1 58 39 62
0 38 41 67 48 73 31 99 42 29 40 34 88 39 17 12 35 33 58 45
0 91 61 28 53 64 20 18 8 39 59 77 96 89 30 47 81 87 62 85
0 11 13 51 82 15 53 68 75 37 45 70 12 83 78 65 88 36 84 57
0 62 59 5 38 68 12 47 64 37 8 51 50 46 99 94 61 42 39 4
0 93 37 97 19 72 40 42 82 17 22 69 92 75 15 73 44 56 29 68
0 21 10 6 19 87 97 39 64 1 22 27 94 59 95 62 17 86 32 85
0 55 5 40 79 43 12 14 4 63 17 42 46 84 67 88 3 60 91 56
0 22 41 34 63 65 47 45 17 88 27 48 28 14 46 37 10 87 66 5
0 67 29 45 24 64 10 36 97 78 17 30 34 55 61 90 35 99 18 95
0 70 61 17 74 85 16 41 53 65 99 95 66 93 12 56 57 26 30 77
0 61 40 37 6 65 39 96 31 70 8 25 92 22 15 56 45 93 10 33
0 1 34 54 8 13 97 67 93 49 42 5 92 27 56 2 64 47 14 12
0 18 1 5 29 77 67 47 70 95 15 89 46 53 88 87 97 3 12 22
0 4 89 1 17 99 38 28 51 58 43 74 36 6 63 13 41 90 80 86
0 68 71 7 84 43 3 69 34 79 32 23 76 18 73 50 49 48 21 77
0 26 4 64 30 76 82 18 74 14 71 12 19 88 85 27 80 10 83 79
0 44 19 98 3 60 83 80 2 70 92 8 93 87 31 28 32 73 54 77
0 94 28 15 37 39 16 58 88 78 8 87 57 92 51 59 6 34 74 55
0 45 93 43 8 85 83 29 64 48 52 55 49 16 2 56 98 20 68 59
0 94 9 63 48 31 21 25 98 39 1 82 50 97 59 89 10 62 42 19
0 4 59 50 14 17 73 38 53 47 69 45 35 32 36 31 20 33 88 89
0 99 15 83 72 37 14 23 67 75 61 97 35 29 78 1 87 38 86 7
0 30 59 27 9 51 11 52 34 99 8 44 61 24 18 25 63 62 85 4
0 57 47 33 52 66 92 40 88 61 98 59 41 20 95 39 68 44 28 1
0 21 58 54 77 68 53 40 88 2 93 16 84 83 66 22 52 59 56 36
0 30 27 22 69 87 57 86 84 58 81 66 55 50 46 71 37 96 19 68
0 75 6 41 56 7 57 30 62 33 54 15 89 40 92 26 91 5 19 23
0 92 68 79 42 4 9 62 27 87 47 99 50 89 28 73 7 39 24 6
0 33 63 28 11 45 58 55 12 29 1 77 94 61 83 67 38 3 76 72
0 1 87 93 22 95 57 51 35 32 23 50 36 90 71 18 76 41 82 73
0 42 40 10 49 84 12 70 47 97 46 61 68 2 7 56 43 53 85 74
0 97 41 56 69 17 5 55 6 46 21 47 60 62 81 20 49 42 22 3
0 32 65 22 93 13 68 42 64 94 96 28 57 26 73 15 40 60 29 55
0 49 69 56 76 33 31 21 79 52 22 91 96 5 57 81 4 36 54 10
0 96 47 94 10 78 7 77 16 89 12 32 8 58 72 34 45 18 68 15
0 99 63 81 27 12 64 88 61 48 54 56 87 74 51 92 32 67 69 60
0 65 43 5 15 56 7 17 73 13 61 78 93 92 42 26 25 88 50 3
0 57 53 48 6 66 26 21 5 25 93 74 86 84 63 54 60 22 52 14
0 6 66 24 97 41 40 88 81 20 35 44 54 83 2 18 23 39 79 42
0 88 11 93 1 61 62 16 39 8 25 54 64 12 24 13 14 91 38 21
0 31 83 85 64 80 21 29 16 67 18 77 34 13 74 24 93 22 28 88
0 11 30 3 40 25 90 18 10 74 33 5 86 26 8 20 92 68 14 1
0 96 6 51 23 78 58 83 67 89 25 98 76 75 68 16 77 97 91 52
0 76 34 72 68 37 83 74 78 21 27 97 86 93 23 94 87 26 84 17
0 63 30 61 32 49 7 85 43 17 9 81 52 79 60 29 25 82 33 20
0 87 85 93 14 36 97 98 9 30 32 2 7 22 31 71 21 27 37 60
0 71 15 61 21 40 88 53 94 52 73 82 25 78 62 24 28 3 44 70
0 90 74 7 77 64 98 75 97 81 28 30 51 21 41 38 72 42 43 71
0 25 54 40 24 91 78 46 87 42 26 88 75 9 51 19 80 97 45 99
0 66 11 72 39 76 18 80 17 21 82 15 77 63 35 42 4 70 40 13
0 3 77 13 34 64 83 90 49 57 65 9 85 26 62 36 12 67 29 95
0 13 29 5 91 20 61 79 99 84 55 42 22 45 69 23 59 31 43 32
0 36 33 86 87 5 43 56 55 63 90 93 66 42 30 57 29 23 31 60
0 19 38 42 32 57 47 2 6 7 34 70 13 48 14 11 62 23 16 83
0 23 22 5 25 80 48 96 66 59 58 69 56 33 92 44 50 40 24 95
0 40 59 65 84 9 25 91 23 82 41 42 29 74 16 1 76 4 12 98
0 21 54 5 26 99 29 57 38 27 66 85 79 42 31 72 83 28 62 43
0 5 30 72 53 41 96 15 91 18 86 34 28 55 57 89 45 67 95 35
0 16 51 62 93 43 1 98 38 46 82 12 76 47 9 69 89 27 18 96
0 13 89 87 4 2 21 12 99 74 5 52 83 32 33 20 8 14 56 90
0 97 99 57 30 3 81 38 21 61 53 5 1 45 46 39 89 50 48 63
0 26 92 83 15 46 73 78 1 82 35 53 9 18 94 7 41 22 31 48
0 60 2 20 38 37 86 83 45 82 66 12 49 76 14 68 13 81 34 44
0 49 19 97 21 41 75 2 64 13 56 69 24 55 57 94 98 81 37 33
0 55 48 12 52 56 5 45 66 10 35 63 34 72 16 58 50 38 91 44
0 76 82 85 53 27 97 93 15 45 23 12 20 80 51 14 5 3 47 79
0 72 24 12 5 58 41 64 79 1 9 14 90 59 42 22 98 75 78 54
0 27 92 79 98 23 59 54 15 20 43 14 42 97 28 87 66 22 47 56
0 86 71 45 77 24 66 47 60 23 76 59 33 69 8 40 41 38 13 29
0 49 95 8 30 43 22 27 78 64 76 89 1 46 70 56 45 58 26 29
0 41 50 2 13 27 33 11 75 66 16 14 63 98 10 93 60 17 62 32
0 51 97 83 21 29 14 91 84 39 2 47 90 58 89 6 12 18 45 75
0 97 48 49 90 7 21 18 53 94 33 11 84 80 4 12 6 17 70 61
0 10 46 74 45 36 55 66 57 18 99 94 93 67 7 52 92 72 26 41
0 36 30 95 4 37 90 58 42 56 55 61 29 48 9 19 84 57 76 99
0 6 30 24 1 73 92 42 98 23 44 50 46 43 40 67 90 95 97 80
0 36 25 28 3 78 72 52 76 66 15 97 45 60 22 17 88 42 85 37
0 6 69 88 81 19 47 98 67 38 8 65 10 1 40 92 17 12 43 63
0 60 82 37 95 92 85 13 74 67 24 1 88 56 21 26 90 65 8 96
0 91 47 74 36 64 89 81 82 19 40 62 43 70 49 69 73 17 46 38
0 26 54 63 35 8 3 30 9 90 46 33 25 7 4 88 40 32 21 50
0 36 41 25 33 89 26 90 49 68 71 27 21 77 82 35 55 62 99 11
0 86 84 90 16 65 73 98 4 2 49 59 43 60 70 12 41 11 51 45
0 18 14 95 75 92 66 74 34 26 45 97 3 10 58 16 72 67 46 91
0 38 81 44 48 21 72 63 50 4 71 35 87 1 67 6 86 10 36 61
0 52 60 9 66 63 18 7 81 10 84 76 26 5 20 50 19 24 67 96
0 90 51 18 32 71 75 80 73 50 49 86 78 39 60 68 52 19 7 13
0 90 17 42 4 89 57 85 81 63 54 21 9 8 64 33 34 48 67 35
0 40 82 84 98 74 86 30 97 68 36 88 17 39 94 31 71 45 66 93
0 81 61 85 76 48 42 67 99 83 1 24 84 18 38 56 88 77 8 57
0 28 31 12 56 8 62 69 35 5 66 24 19 11 18 75 61 70 97 73
0 35 3 90 65 86 77 45 57 10 21 31 50 92 94 36 1 23 73 74
0 76 43 99 80 44 11 95 7 50 98 13 89 87 55 54 47 58 67 48
0 31 20 52 92 37 30 71 99 70 25 18 78 50 27 67 82 38 60 2
0 4 14 22 8 60 31 53 51 13 27 16 61 42 72 82 81 91 86 39
0 14 11 53 52 93 77 43 21 92 58 91 69 37 55 22 50 67 36 61
0 98 81 3 48 37 80 25 73 19 36 4 34 89 53 40 61 20 42 24
0 62 33 34 85 73 65 6 61 81 75 3 83 54 10 48 22 67 76 88
0 43 24 7 13 55 9 66 81 15 58 16 28 44 33 86 14 64 1 27
0 74 15 6 35 78 40 19 99 5 96 59 36 68 8 1 82 64 49 77
0 88 6 49 23 75 87 48 4 65 10 93 31 14 77 78 91 34 43 99
0 27 71 47 69 84 50 19 90 48 9 68 93 44 42 51 35 61 17 7
0 41 74 46 37 60 50 29 45 71 15 83 17 34 64 1 49 94 33 18
0 99 12 19 66 73 13 71 67 62 18 60 88 17 81 20 2 38 83 51
0 41 47 11 72 76 45 80 68 4 8 34 91 69 13 51 77 46 29 20
0 12 90 71 63 49 18 98 21 5 83 53 6 47 78 95 17 81 43 14
0 9 82 41 89 44 10 81 74 88 63 91 77 40 47 17 35 65 85 54
0 78 52 5 13 31 36 91 96 72 44 59 98 89 23 76 90 9 33 67
0 11 50 63 62 75 13 77 89 49 70 44 68 99 82 67 8 95 87 15
0 15 4 24 6 97 92 17 57 21 69 43 9 64 30 60 13 77 73 22
0 51 43 85 32 19 69 52 17 29 38 30 27 10 90 33 96 24 31 97
0 11 65 1 2 14 3 37 50 23 85 49 9 82 54 6 78 97 87 56
0 51 78 22 62 4 42 57 74 40 46 69 65 98 41 13 5 68 96 82
0 68 51 23 86 59 84 73 87 5 61 38 6 71 9 69 3 40 66 1
0 64 36 68 83 94 95 12 3 70 26 90 66 82 46 93 19 89 44 20
0 6 87 92 96 90 5 12 30 19 1 46 50 20 35 66 39 33 57 77
0 91 38 5 58 2 53 74 25 79 96 69 13 81 90 92 85 82 52 75
0 82 1 56 57 58 90 63 93 25 72 15 77 3 52 39 32 70 43 37
0 13 56 60 39 67 93 49 22 40 78 48 77 28 51 3 44 85 94 25
0 51 56 93 25 46 63 58 38 28 20 45 99 26 41 75 70 54 78 6
0 5 82 58 56 38 21 10 28 29 94 70 92 23 18 15 64 39 99 89
0 69 41 44 4 40 17 30 11 37 77 75 21 67 1 84 95 12 93 27
0 93 4 82 51 42 61 66 30 63 69 14 36 74 59 43 46 3 41 15
0 10 85 13 35 65 39 15 22 53 79 12 83 90 86 59 82 21 54 60
0 3 91 15 41 53 69 65 82 26 6 4 84 7 59 63 40 37 96 47
0 21 35 92 2 86 11 56 94 24 42 48 9 82 45 98 79 3 78 99
0 33 17 87 69 16 2 10 60 64 27 45 90 38 20 22 32 48 92 95
0 69 9 40 56 97 85 36 90 53 67 86 41 31 33 92 22 65 84 37
0 57 13 45 19 36 62 84 32 99 26 87 94 53 83 37 43 22 23 52
0 51 47 34 58 85 41 23 1 13 46 33 10 82 53 79 27 67 24 48
0 41 89 67 2 97 81 23 82 78 3 21 72 50 26 79 7 48 44 30
0 46 11 32 93 53 40 39 97 45 41 91 49 36 14 7 86 35 56 6
0 62 68 30 65 29 96 71 1 42 32 21 31 49 5 28 94 39 43 83
0 1 53 73 89 88 34 28 55 65 4 12 31 81 43 60 58 80 72 93
0 78 33 24 5 67 46 50 10 92 41 11 44 30 51 73 45 36 91 94
0 17 87 36 96 38 31 43 34 13 11 83 45 26 5 62 9 63 98 47
0 31 69 22 40 3 18 32 20 48 82 73 34 1 47 12 92 56 93 25
0 72 10 5 95 42 73 78 82 11 68 29 90 53 84 77 85 59 61 60
0 33 21 76 90 68 44 27 36 12 79 56 92 85 47 73 69 91 35 1
0 43 35 90 85 39 33 3 64 82 6 25 29 32 75 27 47 19 78 28
0 24 23 45 8 54 36 25 37 65 60 31 41 46 76 6 11 17 38 48
0 98 85 88 48 78 59 41 33 5 1 31 82 94 45 2 4 10 36 27
0 61 86 81 85 7 91 9 50 63 80 29 99 27 58 79 40 88 74 1
0 15 51 49 13 38 5 16 58 17 79 3 72 39 19 98 7 87 56 37
0 87 29 94 26 15 10 75 48 49 78 52 40 64 81 77 13 39 34 58
0 79 58 81 78 98 54 24 21 83 3 38 13 62 60 95 23 56 61 51
0 74 52 51 88 92 26 37 65 72 7 36 50 35 39 6 46 75 58 27
0 2 36 22 23 59 17 49 62 99 81 53 39 84 82 24 86 58 52 67
0 4 32 45 66 23 34 2 80 24 28 98 97 70 6 29 77 5 44 64
0 31 48 36 47 8 57 85 56 75 27 92 5 64 91 41 32 37 16 43
0 79 59 24 31 33 78 36 64 66 18 6 65 9 26 56 54 49 74 38
0 17 41 2 50 3 60 1 80 86 75 84 51 34 97 88 99 23 93 27
0 74 50 62 17 58 89 24 9 48 68 26 25 2 28 90 83 54 82 10
0 35 95 45 75 23 44 54 36 46 6 10 98 7 68 11 96 83 78 89
0 23 63 21 92 68 6 5 32 34 30 20 76 44 85 9 26 10 19 74
0 21 87 71 6 74 50 76 35 4 46 82 95 23 48 85 58 98 17 72
0 26 27 35 42 75 36 58 21 54 45 57 38 16 89 28 92 94 55 18
0 67 14 34 52 62 19 4 10 7 20 70 80 86 15 31 54 69 25 72
0 27 41 75 18 26 56 68 50 4 36 13 32 5 83 45 74 10 9 29
0 10 20 77 73 19 50 94 93 70 91 23 58 56 76 63 67 81 84 41
0 37 51 34 55 62 93 40 90 4 88 2 43 23 38 11 96 82 77 72
0 2 22 71 32 62 92 12 52 74 26 30 28 35 43 72 48 19 34 7
0 4 21 9 98 75 22 11 85 58 79 49 74 31 53 35 64 54 17 38
0 52 98 38 77 42 33 59 87 79 61 76 31 96 78 50 26 80 14 25
0 76 8 3 97 4 61 94 41 17 87 2 75 89 12 99 36 5 85 74
0 92 49 7 8 35 87 94 44 50 51 82 48 46 24 58 9 74 16 83
0 82 23 12 77 93 83 60 74 39 35 63 66 76 94 6 5 96 75 28
0 86 21 45 24 7 39 96 49 87 57 44 55 19 95 94 67 46 40 48
0 38 74 52 90 30 43 23 40 53 31 81 5 62 59 73 80 16 65 1
0 45 96 44 24 70 7 60 47 75 13 89 27 83 21 20 12 84 31 87
0 97 46 25 43 70 20 58 15 45 13 84 86 79 16 50 2 98 9 93
0 13 17 92 74 97 21 15 28 59 57 95 19 80 85 75 32 40 89 16
0 66 28 43 12 39 63 76 45 75 88 77 55 78 58 6 71 50 18 30
0 7 78 5 50 95 93 9 61 51 87 21 63 54 60 86 73 82 26 84
0 82 33 86 55 9 61 63 27 74 37 22 13 67 51 24 36 30 35 49
0 94 34 61 19 57 25 67 33 29 1 15 43 47 90 26 80 97 59 23
0 45 16 36 30 98 88 96 17 40 95 55 68 72 75 76 67 18 62 14
0 64 36 83 91 2 1 35 99 74 80 87 42 47 97 17 79 49 71 72
0 8 72 78 15 50 47 81 35 87 20 2 74 48 97 70 60 23 58 62
0 46 76 27 30 83 66 25 7 24 73 97 75 85 1 36 20 81 16 93
0 21 8 54 86 45 72 97 88 84 89 65 13 52 3 71 94 1 55 90
0 34 69 48 20 76 37 30 62 2 8 73 83 21 78 11 3 24 86 22
0 58 47 65 74 4 82 62 57 54 56 98 71 66 30 14 79 80 24 43
0 53 73 95 88 99 9 85 58 45 79 68 70 48 60 71 91 27 83 69
0 38 22 53 78 86 98 4 67 10 51 55 34 71 5 76 58 2 73 26
0 21 12 58 50 2 80 96 79 33 72 81 8 97 70 59 74 5 76 83
0 89 45 63 20 19 41 21 30 84 18 66 78 83 38 16 13 34 57 50
0 53 18 35 39 63 46 72 85 97 37 25 60 92 82 30 13 68 44 94
0 78 97 15 9 52 26 49 6 74 11 65 22 87 3 55 13 35 83 63
0 84 45 23 76 67 4 16 6 86 38 82 37 59 73 30 63 12 71 72
0 93 27 67 94 76 85 3 97 18 71 70 48 6 4 1 64 30 40 57
0 27 6 42 74 4 78 67 51 24 83 72 40 99 92 94 46 47 9 76
0 7 11 22 33 19 71 39 37 46 2 41 97 99 77 26 72 61 76 92
0 40 33 35 75 67 76 65 28 98 47 49 63 14 13 71 18 19 52 87
0 26 97 23 63 13 75 19 47 91 16 73 56 68 37 45 53 49 3 43
0 67 9 96 80 75 72 20 8 41 16 85 70 6 27 54 77 10 43 91
0 49 88 68 77 11 64 84 5 74 98 44 41 31 62 71 61 2 27 32
0 39 79 43 44 58 88 61 93 63 25 7 4 29 27 68 64 23 16 15
0 9 77 7 73 38 41 17 86 46 79 65 20 35 29 21 4 81 74 54
0 82 18 41 47 27 12 10 28 25 36 34 33 14 62 80 97 76 86 43
0 55 83 39 73 11 95 44 54 66 92 53 18 5 1 59 72 63 64 99
0 76 73 65 85 66 5 22 63 14 16 37 61 52 21 53 48 9 51 29
0 22 56 54 25 86 73 9 85 43 12 42 27 93 45 81 89 17 46 14
0 81 65 89 93 19 15 92 13 45 5 39 50 34 71 85 2 22 62 28
0 6 8 39 20 3 10 84 32 87 70 66 81 41 27 19 92 30 7 82
0 5 89 30 25 85 37 50 55 8 14 82 73 83 70 39 13 7 99 97
0 76 59 82 12 47 30 63 71 33 64 91 34 8 16 49 93 2 94 67
0 91 81 16 9 43 4 64 93 69 82 34 98 66 35 25 57 79 2 6
0 22 58 10 51 37 99 3 89 71 32 20 38 50 41 93 59 54 60 76
0 34 28 41 6 48 71 50 57 80 89 22 76 86 81 29 87 20 96 31
0 79 70 81 50 65 60 36 22 4 87 8 78 12 74 21 99 64 96 88
0 84 6 35 95 81 41 31 80 17 77 73 30 27 37 99 40 25 62 18
0 93 88 87 3 18 66 33 4 53 32 44 81 23 75 6 58 60 17 28
0 84 76 68 94 4 73 78 9 25 31 75 14 24 48 56 21 63 27 83
0 52 56 49 4 76 2 86 70 30 90 65 60 3 1 73 6 22 63 7
0 88 11 45 92 43 7 17 53 1 55 6 67 3 18 94 82 93 52 4
0 90 98 72 13 6 49 95 14 33 86 91 37 73 66 32 62 1 35 52
0 76 25 35 81 43 33 47 44 51 34 12 94 73 48 41 88 83 90 10
0 43 35 40 11 44 68 84 58 4 78 46 8 76 90 3 82 49 19 54
0 21 11 43 31 79 65 42 77 67 72 57 69 39 15 60 36 99 64 24
0 81 8 25 91 51 94 65 43 10 24 48 83 32 33 6 14 68 15 90
0 46 49 16 52 36 25 96 39 75 45 58 10 53 3 65 67 54 18 34
0 80 62 78 64 43 93 7 47 17 25 11 51 24 86 35 3 83 94 89
0 35 85 77 16 83 67 19 34 95 18 45 27 47 4 61 60 3 64 65
0 18 55 9 16 38 8 29 6 90 82 97 72 28 74 75 59 81 65 91
0 43 13 68 93 7 73 50 75 36 6 61 58 70 54 82 60 67 97 59
0 13 83 22 37 97 65 34 99 33 56 47 68 36 91 31 46 44 61 90
0 72 44 7 80 67 64 86 1 90 2 6 78 58 4 39 41 29 96 51
0 65 11 43 5 73 89 79 14 87 46 1 23 57 59 64 91 39 49 55
0 14 82 39 48 77 5 33 67 83 42 36 43 29 85 87 58 81 20 71
0 62 18 91 60 23 98 15 2 55 72 4 94 86 82 63 42 21 52 97
0 24 64 99 4 83 33 77 91 16 74 90 22 41 42 7 98 58 5 62
0 9 91 42 45 29 87 5 62 73 44 51 71 57 30 60 21 82 81 22
